   1.0000000000000000       -1.9968625000000000        2.0280309979074201E-004
   1.1000000000000001       -1.9940937500000000        2.7399601452459050E-004
   1.2000000000000000       -1.9889437500000000        3.8772416625307423E-004
   1.3000000000000000       -1.9804625000000000        5.1270900267809936E-004
   1.3999999999999999       -1.9673562499999999        6.7956239713427933E-004
   1.5000000000000000       -1.9508187500000000        8.3606858475337293E-004
   1.6000000000000001       -1.9276437500000001        1.0325755988452240E-003
   1.7000000000000002       -1.8994625000000001        1.2310428124219334E-003
   1.8000000000000000       -1.8619062500000001        1.4859728278532676E-003
   1.8999999999999999       -1.8080875000000001        1.7907135169716033E-003
   2.0000000000000000       -1.7474062500000000        2.1036158046419018E-003
   2.1000000000000001       -1.6666250000000000        2.4654487484539627E-003
   2.2000000000000002       -1.5677000000000001        2.8086569041733123E-003
   2.2999999999999998       -1.4580750000000000        3.1325246541042237E-003
   2.4000000000000004       -1.3313250000000001        3.3023352501389803E-003
   2.5000000000000000       -1.2222062499999999        3.2848078413889371E-003
   2.6000000000000001       -1.1190937500000000        3.1652121833157000E-003
   2.7000000000000002       -1.0290375000000000        3.0450857318122639E-003
   2.7999999999999998      -0.95706875000000002        2.8644759096677886E-003
   2.9000000000000004      -0.89163124999999999        2.6865796770019290E-003
   3.0000000000000000      -0.84208125000000000        2.5642197253011997E-003
   3.1000000000000001      -0.79650624999999997        2.4672838674465163E-003
   3.2000000000000002      -0.75534374999999998        2.4237668948745455E-003
   3.3000000000000003      -0.72601875000000005        2.3591493352270484E-003
   3.4000000000000004      -0.69291875000000003        2.2611090284963098E-003
   3.5000000000000000      -0.66627499999999995        2.2198266149679297E-003
   3.6000000000000001      -0.63864374999999995        2.1786481810709595E-003
   3.7000000000000002      -0.62120624999999996        2.1725582407670463E-003
   3.8000000000000003      -0.59629374999999996        2.1280587214609109E-003
   3.9000000000000004      -0.57459375000000001        2.1275000432989508E-003
   4.0000000000000000      -0.55568125000000002        2.0993419209347202E-003
