   2.0000000000000000        2.8648956330556152        5.2902807942032622E-002
   2.0099999999999998        3.0545046597221193        5.7915420011806530E-002
   2.0200000000000000        3.0423035886109977        4.9269980698352603E-002
   2.0299999999999998        3.3274591041667412        6.8732108741361930E-002
   2.0400000000000000        3.3922579930553587        6.0873802608397268E-002
   2.0499999999999998        3.5383296886112579        6.1545262664479301E-002
   2.0600000000000001        3.6147519288887349       0.10822420672297375     
   2.0699999999999998        3.7380046419445230        8.4075915745780938E-002
   2.0800000000000001        4.0246570863889950       0.11752991634959020     
   2.0899999999999999        4.1384354219444504       0.12638720497494740     
   2.1000000000000001        4.2432807886111226       0.10933039169176459     
   2.1099999999999999        4.3390560844444632       0.11354899566491222     
   2.1200000000000001        4.7101899288888189       0.24315920844544950     
   2.1299999999999999        4.7914302266666100       0.16742312243399937     
   2.1400000000000001        5.0113991899999952       0.38395136661139212     
   2.1499999999999999        5.3858825322222401       0.46797743375309736     
   2.1600000000000001        5.3943042399999586       0.28116616736642047     
   2.1699999999999999        5.8095255886111978       0.45641655522462110     
   2.1800000000000002        6.1309811544443722       0.43413056264705441     
   2.1899999999999999        6.2815234177774579       0.55000504068249301     
   2.2000000000000002        6.6691202708334458       0.56135685711016559     
   2.2100000000000000        6.8606746122220805       0.73003097760746505     
   2.2200000000000002        7.1609649886108349       0.62286903321444309     
   2.2300000000000000        7.5603191066667126       0.95299140189180365     
   2.2400000000000002        8.0452285677779898       0.82843964384132474     
   2.2500000000000000        8.3661005766666179       0.94838861846217937     
   2.2599999999999998        8.6339723011112959       0.88245061976839401     
   2.2700000000000000        8.8396073641666177       0.76217008176258261     
   2.2800000000000002        8.6534648399998932       0.70065064332850735     
   2.2900000000000000        9.1963057308332488       0.70513333207919215     
   2.2999999999999998        9.2873276666664921       0.70691352410666086     
   2.3100000000000001        9.5492405766666106       0.57430838922155036     
   2.3199999999999998        9.6609660486111455       0.70657683630830015     
   2.3300000000000001        9.3291610655554305       0.64480428068331630     
   2.3399999999999999        9.3442493333334120       0.50858844935043757     
   2.3500000000000001        9.2365388263889248       0.52775894423755887     
   2.3599999999999999        8.8166863455555564       0.43937378605909494     
   2.3700000000000001        8.5362398655557215       0.40186496256188386     
   2.3799999999999999        8.4310798888889416       0.29502857121412612     
   2.3900000000000001        8.1118413511110496       0.35447691255457153     
   2.3999999999999999        7.9757389552778477       0.28765013054167266     
   2.4100000000000001        7.7138788263889886       0.36818978704210770     
   2.4199999999999999        7.5042135099999241       0.32789540379771559     
   2.4300000000000002        7.1636385486111367       0.33583490106821062     
   2.4399999999999999        6.9709463886111838       0.31880480496555591     
   2.4500000000000002        6.8416745530554790       0.25909122693924691     
   2.4600000000000000        6.5780896330555452       0.26791217493441105     
   2.4700000000000002        6.2047969997221220       0.28795654897616701     
   2.4800000000000000        6.0440128044445167       0.26765690794946928     
   2.4900000000000002        6.0661294266667234       0.25279843735118734     
   2.5000000000000000        5.8152070122221424       0.28553423292105290     
   2.5099999999999998        5.6570383155554333       0.28512465827957278     
   2.5200000000000000        5.5354555277778372       0.23301567234873521     
   2.5300000000000002        5.3952374530556177       0.21340869654873526     
   2.5400000000000000        5.2357130663890024       0.19612973453816068     
   2.5499999999999998        5.2579775975001315       0.16981436935519956     
   2.5600000000000001        5.2229500441666863       0.18985370327619380     
   2.5700000000000003        5.0222579530554867       0.19260858158364222     
   2.5800000000000001        5.0447119544445131       0.18440827066671142     
   2.5899999999999999        4.9503951544444744       0.18087821929773709     
   2.6000000000000001        4.8572990844443966       0.14271775454176516     
