   1.0000000000000000       0.99922187500000004        5.2181678453210889E-005
   1.1000000000000001       0.99856875000000000        6.9250501131326936E-005
   1.2000000000000000       0.99710312499999998        1.0199061774030504E-004
   1.3000000000000000       0.99499687500000000        1.4268930643974073E-004
   1.3999999999999999       0.99110937499999996        1.9709797144305347E-004
   1.5000000000000000       0.98691874999999996        2.4279347645882269E-004
   1.6000000000000001       0.97934687499999995        3.3880372222669570E-004
   1.7000000000000002       0.97001562500000005        4.2230792303618223E-004
   1.8000000000000000       0.95755000000000001        5.4956114468290222E-004
   1.8999999999999999       0.93711562500000001        7.8098578578018234E-004
   2.0000000000000000       0.91229687500000001        1.0282123986424560E-003
   2.1000000000000001       0.87312187500000005        1.4157988505299204E-003
   2.2000000000000002       0.82124375000000005        1.8052021432021334E-003
   2.2999999999999998       0.75596562499999997        2.1977706058127315E-003
   2.4000000000000004       0.68055312499999998        2.4630015090416953E-003
   2.5000000000000000       0.60580312500000000        2.6406541403272308E-003
   2.6000000000000001       0.53153125000000001        2.6467162037154658E-003
   2.7000000000000002       0.47264374999999997        2.5751301788720631E-003
   2.7999999999999998       0.42082812500000000        2.5069417947451099E-003
   2.9000000000000004       0.37512187499999999        2.3415426939289862E-003
   3.0000000000000000       0.34668125000000000        2.2714576840863164E-003
   3.1000000000000001       0.32444374999999998        2.1358362137526804E-003
   3.2000000000000002       0.29568437500000000        2.0255340163191681E-003
   3.3000000000000003       0.27907500000000002        1.9270068251774431E-003
   3.4000000000000004       0.26397500000000002        1.8559327199891150E-003
   3.5000000000000000       0.25144062499999997        1.7773974167989736E-003
   3.6000000000000001       0.24044687500000000        1.7200357985266688E-003
   3.7000000000000002       0.22999687499999999        1.6554354786009755E-003
   3.8000000000000003       0.22196562500000000        1.6006448634406096E-003
   3.9000000000000004       0.21491250000000001        1.5465615028582530E-003
   4.0000000000000000       0.20994375000000001        1.5086184475558259E-003
